-128
-49
70
-96
-98
-113
-119
44
90
-78
57
-77
4
90
64
94
72
-1
-3
3
125
-23
-11
45
-127
51
110
-70
-72
-93
94
-13
22
-31
69
-118
121
64
120
55
-23
5
83
3
-51
47
20
82
-104
125
-111
-20
-88
115
-66
-45
75
84
-76
21
68
-50
24
-123
73
35
-126
22
-102
118
21
-82
-118
-35
-122
26
116
-23
-69
112
-105
28
-29
-70
117
-41
-3
117
-5
24
-21
-102
-58
99
-35
34
-84
37
54
-11
58
67
-81
24
120
-64
77
-84
2
52
-18
51
123
-21
124
89
35
-65
21
-126
-20
57
9
85
-44
112
-54
-128
8
7
29
104
85
-58
-83
-22
5
-104
25
-72
-101
71
-3
85
49
109
-38
-82
76
54
73
69
-10
-2
118
7
41
-25
41
56
16
51
7
101
58
-69
33
65
-26
-76
76
-29
55
33
77
89
10
89
-20
77
99
90
88
-59
109
-110
-69
-108
119
-31
73
13
75
-124
83
-115
-80
42
65
-91
6
-125
-118
91
-19
-42
-38
11
94
-59
51
81
-66
-79
46
105
13
-89
10
-36
-21
106
-28
-67
-117
-55
-89
36
78
-104
-125
-124
-118
-88
60
-7
-117
-83
44
-109
2
-79
119
58
120
18
36
28
-54
-14
-45
-110
59
-104
97
34
121
-66
57
-38
-116
-12
13
-1
-16
-79
-94
-2
-28
98
-78
-115
72
-67
-64
48
68
-48
122
11
97
89
84
86
83
-95
-65
25
52
66
-37
-21
66
32
103
98
42
-86
-80
73
7
17
117
-5
35
81
-35
-38
-106
46
87
-23
-91
-26
-104
-100
-24
51
-111
41
-49
102
75
-115
-59
-41
-10
94
80
23
84
-44
14
-34
108
12
-40
-55
-123
30
49
115
2
105
-5
-50
-13
87
-26
-111
-88
-10
-11
-97
-101
85
54
41
25
-108
-122
-64
12
-63
12
-59
49
70
62
-15
-4
-125
126
-118
-54
24
23
122
79
-76
-23
71
58
69
-102
65
-64
38
9
-13
-55
102
-84
-41
35
72
127
65
30
-76
40
59
26
43
-114
-62
-118
90
-25
97
99
41
-48
-63
11
75
54
-45
-103
71
-14
-50
91
120
47
35
-117
4
-26
-107
85
-107
-12
-106
-43
55
-60
22
14
26
-75
-78
-32
-102
-122
37
-70
-91
-39
81
-29
-106
-46
-16
-89
-99
-56
-127
91
28
-35
-4
-43
-20
122
3
-83
-99
-92
50
32
-65
95
-108
94
75
88
-128
-52
-107
28
-115
86
-109
29
-55
47
-45
77
-117
33
122
-118
-68
53
102
117
98
19
100
-100
123
122
101
121
-90
47
-79
122
26
-40
97
-119
79
-42
-8
-55
31
37
118
-46
71
-26
38
73
112
-115
106
-60
-80
-48
31
65
-63
-5
-48
116
69
-62
72
88
87
-102
11
-80
113
-61
-55
15
64
-14
-29
-128
113
116
73
31
103
5
-55
-60
-38
117
40
112
-82
105
-85
14
-90
106
50
-122
-115
90
62
121
-73
-26
123
-89
95
-63
25
56
-59
-108
-113
22
120
-81
-50
5
-87
-30
-100
32
-14
57
36
-87
62
37
-26
79
41
-1
127
-76
77
109
31
-125
70
83
-93
-21
43
-74
-86
82
44
-116
-89
-116
13
-6
-51
-11
110
99
1
9
-28
-116
-14
-55
-54
104
-77
6
80
32
-76
-63
17
-35
127
-95
19
32
-99
-6
-19
-12
123
63
-110
-44
76
-44
82
-36
109
125
-81
-8
-21
36
-109
20
-5
-99
41
37
119
75
-47
-5
-101
-30
-31
88
37
-42
120
-95
43
-11
-124
1
28
-91
-86
23
-59
-31
27
-87
-78
-3
38
-49
-46
-124
5
-40
-26
11
105
19
-13
69
-121
55
38
-105
32
-1
113
7
-8
-124
-23
-75
-102
98
-51
58
48
57
-20
44
-107
119
110
-117
-77
29
-37
-71
103
64
-47
-127
110
105
-63
-98
-117
-53
-93
-125
105
-117
-26
117
58
71
92
127
73
55
-21
-99
93
39
-17
-7
116
-86
33
54
23
-108
-98
91
-121
87
-85
46
81
-128
-117
51
22
-10
103
-100
-114
122
79
91
-15
-11
-124
-36
23
-110
90
94
13
121
32
3
40
46
10
11
47
-7
-67
-27
-75
-114
40
-72
71
-89
-87
123
-10
120
106
-93
4
28
20
70
-125
-62
122
34
-28
72
-95
37
121
120
-56
-100
121
-34
96
0
-121
4
25
-17
74
75
-81
-100
-44
6
20
-36
-83
4
86
117
-113
-92
51
-49
29
109
50
-126
63
105
20
118
-80
127
126
-37
-112
68
100
-45
61
-40
73
120
97
11
114
-90
72
-51
-57
-52
-83
-102
-53
47
43
-39
102
-110
102
24
74
51
-14
81
69
-47
81
24
118
-9
-40
-52
-28
-81
-55
87
100
-114
108
-115
110
113
91
-49
102
-94
-75
-126
77
-4
71
-79
110
-35
32
-59
-90
-87
-120
110
0
30
6
11
125
-82
114
-46
76
-101
-120
-82
78
-100
119
-114
6
39
77
74
-94
111
-123
-7
103
-102
-9
62
-73
-103
-100
-4
-93
36
102
-114
-90
19
-116
125
-11
-58
38
-70
-67
124
120
-31
34
40
55
-61
-39
92
-30
125
14
